0 0.06328125 0.18828125 0.0171875 0.24609375
0 0.0921875 0.4015625 0.05390625 0.74296875
0 0.13671875 0.46875 0.0671875 0.7796875
0 0.2078125 0.46875 0.09765625 0.76640625
0 0.2890625 0.55546875 0.1390625 0.809375
0 0.4390625 0.4953125 0.1109375 0.63828125
0 0.36171875 0.2390625 0.075 0.33203125
0 0.44765625 0.203125 0.05703125 0.3171875
0 0.53125 0.21953125 0.0625 0.3125
0 0.6421875 0.446875 0.1109375 0.8046875
0 0.80078125 0.528125 0.23203125 0.890625
0 0.55078125 0.58046875 0.1453125 0.8390625