0 0.29609375 0.7640625 0.1171875 0.471875
0 0.434375 0.73515625 0.07265625 0.5296875
0 0.553125 0.721875 0.075 0.44296875
0 0.6640625 0.6953125 0.0859375 0.403125
0 0.76796875 0.74765625 0.0859375 0.47734375
0 0.8578125 0.7140625 0.08046875 0.44921875
0 0.803125 0.61875 0.0484375 0.33515625
0 0.9203125 0.66328125 0.0515625 0.4375
0 0.97109375 0.63828125 0.0578125 0.3640625
0 0.1296875 0.7546875 0.11484375 0.45078125
0 0.0328125 0.7328125 0.0625 0.4609375
0 0.1625 0.6703125 0.0875 0.39453125
0 0.25390625 0.70390625 0.0625 0.44609375
0 0.378125 0.6734375 0.05703125 0.38125
0 0.48984375 0.64765625 0.0609375 0.36015625
0 0.5953125 0.6171875 0.0484375 0.3453125
0 0.0578125 0.4984375 0.04453125 0.20078125
0 0.14296875 0.465625 0.04296875 0.15625
0 0.11171875 0.4609375 0.025 0.12265625
0 0.0890625 0.45 0.034375 0.12421875
0 0.01484375 0.4453125 0.02109375 0.10078125
0 0.0390625 0.44921875 0.01953125 0.11953125
0 0.18515625 0.46484375 0.0390625 0.1578125
0 0.221875 0.4640625 0.02890625 0.1359375
0 0.24765625 0.465625 0.021875 0.12578125
0 0.27734375 0.45859375 0.0234375 0.1375
0 0.3125 0.4609375 0.025 0.15625
0 0.35078125 0.4640625 0.0234375 0.1625
0 0.3828125 0.44296875 0.01953125 0.1125
0 0.4140625 0.4625 0.0234375 0.103125
0 0.43984375 0.4640625 0.021875 0.08984375
0 0.45859375 0.44921875 0.02109375 0.09921875
0 0.49140625 0.45625 0.03203125 0.10625
0 0.53515625 0.459375 0.03046875 0.1125
0 0.56953125 0.45078125 0.021875 0.0828125
0 0.59453125 0.4453125 0.01953125 0.06484375
0 0.6296875 0.45390625 0.0375 0.078125
0 0.68515625 0.4890625 0.03203125 0.14921875
0 0.709375 0.4921875 0.025 0.15625
0 0.7390625 0.50078125 0.01796875 0.165625
0 0.7609375 0.45859375 0.021875 0.1046875
0 0.78515625 0.4859375 0.0234375 0.10625
0 0.80703125 0.47109375 0.0234375 0.0859375
0 0.8359375 0.47109375 0.01796875 0.1125
0 0.8578125 0.48984375 0.021875 0.12734375
0 0.8859375 0.49296875 0.0234375 0.13125
0 0.9140625 0.4359375 0.01953125 0.0796875
0 0.94921875 0.434375 0.02890625 0.059375