0 0.13125 0.51796875 0.1625 0.9640625
0 0.0765625 0.39921875 0.06953125 0.78828125
0 0.228125 0.4203125 0.08671875 0.83515625
0 0.290625 0.44609375 0.084375 0.8796875
0 0.23515625 0.528125 0.01953125 0.0015625
0 0.36875 0.44375 0.0890625 0.83671875
0 0.33671875 0.1265625 0.0421875 0.1734375
0 0.41171875 0.13984375 0.028125 0.178125
0 0.4359375 0.15546875 0.04296875 0.22734375
0 0.4765625 0.4234375 0.10625 0.84609375
0 0.51875 0.14296875 0.03828125 0.16015625
0 0.55859375 0.46875 0.071875 0.84140625
0 0.61953125 0.46484375 0.0546875 0.884375
0 0.58984375 0.1609375 0.0375 0.21953125
0 0.65859375 0.1640625 0.0265625 0.20703125
0 0.6890625 0.4859375 0.0703125 0.84921875
0 0.75 0.44140625 0.0609375 0.7421875
0 0.8140625 0.45 0.075 0.72109375
0 0.78828125 0.184375 0.03203125 0.16015625
0 0.87890625 0.45234375 0.06484375 0.72578125
0 0.95703125 0.51171875 0.08125 0.928125