0 0.05390625 0.48046875 0.07890625 0.50625
0 0.1234375 0.46484375 0.05546875 0.5640625
0 0.16640625 0.55078125 0.0484375 0.54765625
0 0.2046875 0.3203125 0.04453125 0.209375
0 0.26953125 0.29375 0.04609375 0.22734375
0 0.34140625 0.31171875 0.05 0.22109375
0 0.434375 0.38359375 0.05703125 0.3546875
0 0.5109375 0.43671875 0.0703125 0.4484375
0 0.603125 0.37421875 0.08984375 0.43828125
0 0.703125 0.34609375 0.05078125 0.22109375
0 0.778125 0.30390625 0.0453125 0.26875
0 0.828125 0.31640625 0.02421875 0.25078125
0 0.91875 0.45078125 0.0640625 0.55859375
0 0.846875 0.3921875 0.08125 0.26015625
0 0.7609375 0.39921875 0.0609375 0.19765625
0 0.68515625 0.41484375 0.06640625 0.19609375
0 0.64921875 0.5984375 0.06875 0.34609375
0 0.690625 0.7515625 0.103125 0.496875
0 0.73046875 0.51171875 0.046875 0.19921875
0 0.79140625 0.490625 0.06796875 0.16640625
0 0.85078125 0.70078125 0.0734375 0.53046875
0 0.87734375 0.64453125 0.065625 0.534375
0 0.7765625 0.74375 0.08046875 0.51171875
0 0.69609375 0.7546875 0.0765625 0.490625
0 0.540625 0.75625 0.08125 0.4875
0 0.56328125 0.56484375 0.059375 0.37109375
0 0.384375 0.7671875 0.07890625 0.465625
0 0.40703125 0.5703125 0.0796875 0.28359375
0 0.41328125 0.434375 0.0546875 0.2421875
0 0.33359375 0.45234375 0.06796875 0.28515625
0 0.26875 0.3953125 0.0640625 0.22734375
0 0.234375 0.49453125 0.05859375 0.1546875
0 0.21796875 0.72890625 0.090625 0.54140625
0 0.30390625 0.71875 0.11328125 0.4515625