0 0.178125 0.70078125 0.07890625 0.59765625
0 0.27265625 0.7296875 0.0765625 0.53984375
0 0.3640625 0.74140625 0.07578125 0.51640625
0 0.3859375 0.56953125 0.046875 0.17265625
0 0.43515625 0.71953125 0.09296875 0.55390625
0 0.4828125 0.7109375 0.05078125 0.48046875
0 0.5203125 0.70625 0.04765625 0.44921875
0 0.57890625 0.73359375 0.06953125 0.53203125
0 0.56015625 0.54140625 0.03046875 0.11015625
0 0.625 0.70390625 0.05390625 0.45703125
0 0.6609375 0.72421875 0.040625 0.51953125
0 0.6828125 0.71796875 0.053125 0.47578125
0 0.71875 0.728125 0.0484375 0.46171875
0 0.74296875 0.6984375 0.03828125 0.3921875
0 0.77265625 0.678125 0.0359375 0.49609375
0 0.80234375 0.65703125 0.03203125 0.4125
0 0.82890625 0.64765625 0.025 0.4
0 0.86875 0.66328125 0.0390625 0.31875
0 0.88359375 0.66640625 0.02890625 0.296875
0 0.90546875 0.65 0.02421875 0.2578125
0 0.9265625 0.62890625 0.02109375 0.22109375