0 0.759375 0.6421875 0.08515625 0.61484375
0 0.8640625 0.603125 0.06640625 0.50078125
0 0.93515625 0.5484375 0.0625 0.46015625
0 0.98359375 0.5265625 0.0328125 0.46640625
0 0.70703125 0.53359375 0.03359375 0.49140625
0 0.80703125 0.51875 0.04453125 0.4453125
0 0.6109375 0.54140625 0.07421875 0.5140625
0 0.5265625 0.528125 0.04375 0.49140625
0 0.45234375 0.509375 0.05 0.3984375
0 0.403125 0.5203125 0.0453125 0.37421875
0 0.3578125 0.48046875 0.0421875 0.30390625
0 0.328125 0.47578125 0.0359375 0.30390625
0 0.303125 0.45390625 0.01875 0.22734375
0 0.28359375 0.4625 0.02109375 0.20625
0 0.26640625 0.4625 0.02265625 0.190625
0 0.24453125 0.44921875 0.015625 0.18671875
0 0.11328125 0.35546875 0.06953125 0.42421875