0 0.12734375 0.6078125 0.09453125 0.73984375
0 0.06640625 0.534375 0.05703125 0.62109375
0 0.246875 0.51484375 0.059375 0.63671875
0 0.29609375 0.53203125 0.06484375 0.73515625
0 0.3546875 0.55625 0.07578125 0.80078125
0 0.42734375 0.51015625 0.0515625 0.6078125
0 0.4953125 0.52578125 0.059375 0.62421875
0 0.57734375 0.5515625 0.07265625 0.7078125
0 0.64296875 0.4984375 0.06953125 0.63359375
0 0.72578125 0.5421875 0.10078125 0.72109375
0 0.80546875 0.521875 0.07890625 0.6640625
0 0.909375 0.54296875 0.08125 0.6609375