0 0.8875 0.678125 0.0421875 0.4
0 0.8453125 0.66171875 0.04296875 0.39375
0 0.81328125 0.6125 0.0359375 0.359375
0 0.790625 0.6640625 0.040625 0.35625
0 0.75390625 0.659375 0.04296875 0.3984375
0 0.71328125 0.64453125 0.03203125 0.37578125
0 0.61484375 0.63359375 0.0390625 0.37265625
0 0.4640625 0.60859375 0.03046875 0.3921875
0 0.3734375 0.6953125 0.0265625 0.44375
0 0.128125 0.69609375 0.0796875 0.53671875
0 0.02109375 0.7015625 0.03671875 0.5125
0 0.2359375 0.42578125 0.0609375 0.34765625
0 0.28046875 0.41484375 0.046875 0.34140625
0 0.34609375 0.4125 0.0453125 0.33671875
0 0.40546875 0.421875 0.05625 0.30390625