0 0.22265625 0.62421875 0.096875 0.58671875
0 0.3640625 0.66015625 0.10078125 0.61875
0 0.434375 0.665625 0.134375 0.66875
0 0.6046875 0.67578125 0.12890625 0.6484375
0 0.5421875 0.6109375 0.0828125 0.603125
0 0.7203125 0.6671875 0.09296875 0.65625
0 0.878125 0.64296875 0.121875 0.6046875
0 0.68828125 0.3875 0.034375 0.20234375
0 0.7765625 0.4015625 0.05 0.21640625
0 0.6125 0.36640625 0.0359375 0.146875
0 0.67578125 0.3859375 0.01953125 0.15625
0 0.83515625 0.39296875 0.05390625 0.221875
0 0.8828125 0.4015625 0.0421875 0.20390625
0 0.915625 0.41875 0.046875 0.25078125
0 0.93671875 0.3984375 0.02734375 0.21015625
0 0.97578125 0.41796875 0.03984375 0.24921875
0 0.02265625 0.42109375 0.0453125 0.1875
0 0.0703125 0.4109375 0.04375 0.20234375
0 0.12421875 0.42421875 0.06171875 0.21015625
0 0.26875 0.4125 0.05546875 0.1890625
0 0.3296875 0.41484375 0.0390625 0.184375