0 0.01015625 0.72421875 0.0203125 0.20625
0 0.0265625 0.721875 0.04609375 0.2609375
0 0.065625 0.72265625 0.034375 0.23984375
0 0.08984375 0.7203125 0.0234375 0.275
0 0.11015625 0.7234375 0.03828125 0.284375
0 0.14609375 0.715625 0.0203125 0.2796875
0 0.16484375 0.70703125 0.0390625 0.275
0 0.1953125 0.740625 0.03359375 0.2609375
0 0.2234375 0.73046875 0.02421875 0.234375
0 0.246875 0.734375 0.0359375 0.26640625
0 0.27265625 0.72421875 0.034375 0.259375
0 0.3078125 0.7234375 0.03046875 0.24453125
0 0.35546875 0.73515625 0.04765625 0.22421875
0 0.378125 0.7234375 0.0234375 0.2109375
0 0.4 0.7203125 0.0390625 0.23125
0 0.4328125 0.7328125 0.04609375 0.24921875
0 0.50234375 0.72265625 0.04453125 0.22265625
0 0.525 0.7078125 0.02109375 0.21953125
0 0.54375 0.70390625 0.034375 0.21640625
0 0.578125 0.7109375 0.03828125 0.24609375
0 0.596875 0.71171875 0.02421875 0.23125
0 0.615625 0.70859375 0.03203125 0.228125
0 0.6453125 0.7125 0.04140625 0.2328125
0 0.66484375 0.70703125 0.02265625 0.2109375
0 0.68828125 0.7 0.034375 0.2140625
0 0.7171875 0.7125 0.03203125 0.20625
0 0.7546875 0.70625 0.03828125 0.21953125
0 0.7859375 0.70625 0.0390625 0.209375
0 0.8125 0.70703125 0.02421875 0.2078125
0 0.846875 0.696875 0.03671875 0.21796875
0 0.903125 0.71171875 0.03984375 0.2078125
0 0.9671875 0.73046875 0.03203125 0.22109375
0 0.98984375 0.7125 0.0203125 0.17890625