0 0.04140625 0.7015625 0.04453125 0.290625
0 0.06015625 0.6765625 0.0328125 0.33515625
0 0.09453125 0.66640625 0.034375 0.296875
0 0.1203125 0.70859375 0.0265625 0.27890625
0 0.15859375 0.66171875 0.0359375 0.36328125
0 0.19140625 0.71171875 0.040625 0.34765625
0 0.2078125 0.6828125 0.015625 0.31875
0 0.23984375 0.7234375 0.04609375 0.3171875
0 0.2828125 0.73203125 0.03203125 0.33828125
0 0.32734375 0.71796875 0.040625 0.40546875
0 0.37109375 0.73046875 0.0359375 0.34140625
0 0.42890625 0.734375 0.04375 0.33984375
0 0.50390625 0.746875 0.10234375 0.50546875
0 0.5515625 0.77578125 0.0359375 0.43203125
0 0.60625 0.7828125 0.07109375 0.3984375
0 0.66640625 0.75078125 0.09140625 0.49609375
0 0.76640625 0.75625 0.1140625 0.45
0 0.8796875 0.7671875 0.0828125 0.45
0 0.978125 0.77265625 0.04296875 0.396875