0 0.03125 0.58515625 0.0625 0.52890625
0 0.09921875 0.5859375 0.14296875 0.59765625
0 0.18359375 0.54921875 0.05859375 0.53046875
0 0.2453125 0.59453125 0.08671875 0.53515625
0 0.34375 0.59453125 0.11328125 0.5484375
0 0.40078125 0.5765625 0.0328125 0.4328125
0 0.43984375 0.59609375 0.08671875 0.490625
0 0.4921875 0.58203125 0.06875 0.4421875
0 0.54140625 0.56328125 0.0421875 0.46015625
0 0.5765625 0.57109375 0.03125 0.40859375
0 0.60546875 0.54921875 0.0203125 0.303125
0 0.66015625 0.52421875 0.07109375 0.2984375
0 0.7265625 0.55078125 0.0515625 0.29609375
0 0.7703125 0.53828125 0.0359375 0.28828125
0 0.82265625 0.54375 0.0734375 0.321875
0 0.8984375 0.559375 0.08515625 0.35234375
0 0.96953125 0.559375 0.0609375 0.33046875