0 0.7546875 0.590625 0.28828125 0.81875
0 0.53515625 0.62890625 0.1796875 0.7421875
0 0.42890625 0.65625 0.109375 0.68671875
0 0.35546875 0.659375 0.0859375 0.68125
0 0.95078125 0.66015625 0.0984375 0.6765625
0 0.8234375 0.43203125 0.11796875 0.2046875
0 0.65390625 0.465625 0.07109375 0.278125
0 0.60390625 0.4359375 0.05546875 0.12578125
0 0.475 0.43828125 0.04140625 0.10546875
0 0.9359375 0.4734375 0.05 0.13203125
0 0.209375 0.4265625 0.028125 0.08203125
0 0.18984375 0.43203125 0.03125 0.096875
0 0.1765625 0.4375 0.02265625 0.090625
0 0.16484375 0.44375 0.015625 0.096875
0 0.1359375 0.446875 0.05 0.096875
0 0.1 0.45703125 0.01875 0.046875
0 0.0796875 0.4578125 0.01640625 0.0453125