0 0.0921875 0.753125 0.17890625 0.49375
0 0.16796875 0.7015625 0.27109375 0.596875
0 0.253125 0.71484375 0.1625 0.5703125
0 0.315625 0.6796875 0.1375 0.4203125
0 0.32890625 0.603125 0.078125 0.2796875
0 0.3390625 0.5546875 0.0421875 0.11640625
0 0.34921875 0.58046875 0.034375 0.1984375
0 0.3671875 0.5703125 0.0234375 0.18359375
0 0.4046875 0.72734375 0.04453125 0.00859375
0 0.47890625 0.5984375 0.05078125 0.23359375
0 0.51796875 0.5921875 0.02890625 0.23203125
0 0.55 0.615625 0.04453125 0.2484375
0 0.6 0.7265625 0.1 0.546875
0 0.64375 0.7296875 0.096875 0.53984375
0 0.72265625 0.72421875 0.15234375 0.5515625
0 0.80234375 0.7265625 0.221875 0.546875
0 0.915625 0.7328125 0.16640625 0.534375