0 0.7984375 0.6140625 0.17265625 0.678125
0 0.53828125 0.62421875 0.10703125 0.64453125
0 0.59140625 0.55625 0.078125 0.4859375
0 0.634375 0.5453125 0.04765625 0.43359375
0 0.6578125 0.4890625 0.05234375 0.325
0 0.315625 0.59765625 0.0828125 0.5859375
0 0.37109375 0.59140625 0.059375 0.49921875
0 0.41875 0.58046875 0.04765625 0.4703125
0 0.4640625 0.5625 0.0515625 0.41875
0 0.09609375 0.625 0.10234375 0.5625
0 0.1546875 0.56484375 0.07734375 0.4171875
0 0.19375 0.55703125 0.05 0.3734375
0 0.2390625 0.53671875 0.0578125 0.38359375
0 0.028125 0.57734375 0.05625 0.4765625