0 0.925 0.540625 0.03046875 0.1171875
0 0.6375 0.528125 0.02421875 0.08359375
0 0.615625 0.525 0.01015625 0.071875
0 0.603125 0.52578125 0.0125 0.0640625
0 0.5265625 0.55546875 0.04453125 0.15078125
0 0.48359375 0.51484375 0.01484375 0.06875
0 0.2859375 0.54453125 0.0125 0.0640625
0 0.29609375 0.534375 0.01640625 0.06875
0 0.309375 0.53203125 0.01328125 0.0734375
0 0.284375 0.54609375 0.01875 0.0703125
0 0.25234375 0.5390625 0.02265625 0.078125
0 0.234375 0.54765625 0.015625 0.08203125
0 0.1359375 0.56640625 0.02265625 0.078125
0 0.11796875 0.5734375 0.01328125 0.0703125
0 0.109375 0.59609375 0.0203125 0.08515625
0 0.45234375 0.6015625 0.03125 0.059375
0 0.5671875 0.6421875 0.0125 0.0640625
0 0.58125 0.975 0.02890625 0.05
0 0.65546875 0.96953125 0.03671875 0.0609375
0 0.7234375 0.98125 0.028125 0.0375
0 0.78359375 0.97734375 0.03828125 0.0453125
0 0.85546875 0.97109375 0.034375 0.0578125
0 0.8875 0.97734375 0.02109375 0.0453125
0 0.94296875 0.9703125 0.03828125 0.059375
0 0.57890625 0.90546875 0.04453125 0.09453125
0 0.6359375 0.89296875 0.04375 0.075
0 0.70078125 0.92265625 0.02890625 0.1375
0 0.75 0.9015625 0.0265625 0.10234375
0 0.72578125 0.9390625 0.02421875 0.07890625
0 0.846875 0.9453125 0.03125 0.09453125
0 0.828125 0.90625 0.03828125 0.10546875
0 0.80859375 0.88984375 0.03203125 0.1390625
0 0.78125 0.8421875 0.046875 0.14140625
0 0.753125 0.7921875 0.028125 0.071875
0 0.72890625 0.803125 0.0265625 0.04609375
0 0.70703125 0.81640625 0.02578125 0.04453125
0 0.684375 0.834375 0.01640625 0.04453125
0 0.67265625 0.81015625 0.02265625 0.05
0 0.59140625 0.83046875 0.03984375 0.06875
0 0.62890625 0.821875 0.03203125 0.0546875
0 0.57109375 0.81171875 0.02109375 0.08046875
0 0.60390625 0.78515625 0.02265625 0.04609375
0 0.575 0.76640625 0.01875 0.053125
0 0.60625 0.7703125 0.02109375 0.0609375
0 0.58046875 0.725 0.01796875 0.03515625
0 0.6125 0.7234375 0.01640625 0.08046875
0 0.64375 0.7203125 0.01484375 0.08671875
0 0.68515625 0.7375 0.01796875 0.10546875
0 0.66875 0.7171875 0.0125 0.075
0 0.72109375 0.72734375 0.02265625 0.09765625
0 0.8671875 0.84453125 0.0359375 0.10703125
0 0.8375 0.80390625 0.02109375 0.10546875
0 0.91015625 0.834375 0.03046875 0.08046875
0 0.89375 0.90078125 0.0203125 0.10078125
0 0.92265625 0.90859375 0.0234375 0.0671875
0 0.95546875 0.91953125 0.03125 0.0765625
0 0.9890625 0.57734375 0.02109375 0.08046875
0 0.95234375 0.653125 0.01796875 0.065625
0 0.96640625 0.66640625 0.01328125 0.0765625
0 0.98046875 0.67578125 0.0125 0.078125
0 0.99375 0.68671875 0.0078125 0.08046875
0 0.88203125 0.63671875 0.01328125 0.0625
0 0.89765625 0.65859375 0.01015625 0.0703125
0 0.91328125 0.671875 0.0125 0.078125
0 0.92890625 0.67421875 0.01484375 0.0765625
0 0.83984375 0.628125 0.02578125 0.0546875
0 0.59453125 0.6453125 0.0125 0.059375
0 0.60859375 0.65390625 0.01796875 0.04609375
0 0.6375 0.659375 0.01015625 0.059375
0 0.65390625 0.67109375 0.00859375 0.03671875
0 0.6765625 0.6734375 0.0109375 0.03203125
0 0.70078125 0.66875 0.01796875 0.0625
0 0.725 0.64609375 0.01640625 0.0703125
0 0.73203125 0.65390625 0.015625 0.0671875
0 0.7390625 0.678125 0.0078125 0.115625
0 0.71953125 0.7359375 0.02890625 0.1234375
0 0.7921875 0.6953125 0.02265625 0.0609375
0 0.90859375 0.76484375 0.02421875 0.08359375
0 0.8546875 0.728125 0.01875 0.065625
0 0.825 0.684375 0.0234375 0.0734375
0 0.7828125 0.62421875 0.034375 0.08046875
0 0.33671875 0.94609375 0.0359375 0.08984375
0 0.37578125 0.9421875 0.034375 0.09453125
0 0.39765625 0.89609375 0.04453125 0.1296875
0 0.35625 0.86875 0.0234375 0.07890625
0 0.403125 0.815625 0.03203125 0.09765625
0 0.36640625 0.81875 0.00859375 0.11015625
0 0.440625 0.7703125 0.03046875 0.14140625
0 0.4125 0.7703125 0.03671875 0.09296875
0 0.37578125 0.7515625 0.0234375 0.0734375
0 0.39921875 0.7109375 0.034375 0.065625
0 0.44609375 0.68828125 0.03046875 0.08671875
0 0.415625 0.65390625 0.01484375 0.0546875
0 0.37578125 0.6734375 0.03046875 0.1109375
0 0.3546875 0.715625 0.02578125 0.1203125
0 0.33984375 0.784375 0.02578125 0.15390625
0 0.290625 0.88984375 0.04140625 0.15078125
0 0.30234375 0.8390625 0.0265625 0.1203125
0 0.3078125 0.80703125 0.02421875 0.1265625
0 0.25703125 0.9375 0.0578125 0.125
0 0.18203125 0.965625 0.03359375 0.06875
0 0.2078125 0.9453125 0.03359375 0.10390625
0 0.22578125 0.9234375 0.02890625 0.09609375
0 0.23125 0.89765625 0.03828125 0.10078125
0 0.25390625 0.853125 0.03046875 0.08984375
0 0.25703125 0.78671875 0.0234375 0.09140625
0 0.275 0.76015625 0.02109375 0.08359375
0 0.29609375 0.72890625 0.015625 0.0609375
0 0.31328125 0.7125 0.0234375 0.08671875
0 0.32890625 0.69296875 0.02421875 0.08671875
0 0.3390625 0.6609375 0.0125 0.0625
0 0.35234375 0.65390625 0.02421875 0.08203125
0 0.08515625 0.95234375 0.0453125 0.0953125
0 0.11953125 0.92265625 0.0359375 0.10078125
0 0.14375 0.884375 0.03828125 0.09453125
0 0.17265625 0.85546875 0.03671875 0.121875
0 0.19296875 0.80234375 0.02890625 0.09609375
0 0.221875 0.78125 0.02265625 0.08671875
0 0.23984375 0.7375 0.03359375 0.09609375
0 0.26328125 0.71640625 0.03125 0.0734375
0 0.28828125 0.6859375 0.01640625 0.0609375
0 0.3015625 0.66484375 0.02578125 0.0546875
0 0.31015625 0.62578125 0.015625 0.03515625
0 0.03046875 0.93359375 0.03359375 0.1328125
0 0.065625 0.90078125 0.02265625 0.09140625
0 0.09140625 0.8328125 0.0359375 0.0765625
0 0.09921875 0.87265625 0.03359375 0.078125
0 0.11875 0.83984375 0.028125 0.08515625
0 0.14453125 0.784375 0.028125 0.09609375
0 0.1703125 0.7359375 0.02109375 0.09296875
0 0.19609375 0.72578125 0.0234375 0.07890625
0 0.2609375 0.6671875 0.02421875 0.06875
0 0.22734375 0.67734375 0.0234375 0.08359375
0 0.18984375 0.6671875 0.0265625 0.08359375
0 0.20859375 0.64140625 0.01796875 0.0625
0 0.18046875 0.66171875 0.02265625 0.09453125
0 0.15390625 0.7015625 0.02421875 0.08515625
0 0.13046875 0.71171875 0.03828125 0.09765625
0 0.1296875 0.72421875 0.02109375 0.0765625
0 0.10234375 0.7203125 0.00703125 0.05625
0 0.11796875 0.7265625 0.02578125 0.059375
0 0.090625 0.7703125 0.03359375 0.08046875
0 0.096875 0.8015625 0.06171875 0.115625
0 0.059375 0.828125 0.0421875 0.10078125
0 0.0421875 0.7890625 0.0234375 0.10234375
0 0.01171875 0.8140625 0.0125 0.11015625
0 0.02265625 0.74609375 0.03203125 0.09921875
0 0.05703125 0.7234375 0.03125 0.08046875
0 0.0953125 0.6953125 0.02578125 0.0734375
0 0.12109375 0.67265625 0.0234375 0.0734375
0 0.1359375 0.65078125 0.01640625 0.0578125
0 0.1546875 0.64140625 0.02109375 0.059375
0 0.015625 0.69453125 0.02421875 0.078125
0 0.03515625 0.675 0.01875 0.059375
0 0.04609375 0.6734375 0.0203125 0.06875
0 0.0609375 0.6578125 0.02109375 0.06875
0 0.078125 0.65234375 0.0203125 0.0734375
0 0.09375 0.6359375 0.015625 0.03984375
0 0.06640625 0.621875 0.0125 0.03984375