0 0.396875 0.59609375 0.01640625 0.08515625
0 0.40703125 0.5953125 0.01484375 0.07421875
0 0.415625 0.59609375 0.01484375 0.08203125
0 0.43125 0.60546875 0.01875 0.06640625
0 0.44453125 0.6046875 0.01875 0.06171875
0 0.4578125 0.60546875 0.01484375 0.04765625
0 0.47734375 0.60234375 0.0203125 0.06015625
0 0.49140625 0.60859375 0.01640625 0.06015625
0 0.49921875 0.58828125 0.015625 0.04140625
0 0.47734375 0.56640625 0.01640625 0.0359375
0 0.46015625 0.56171875 0.0125 0.0359375
0 0.5046875 0.559375 0.015625 0.06171875
0 0.528125 0.565625 0.01640625 0.06484375
0 0.55546875 0.5546875 0.015625 0.05546875
0 0.53828125 0.540625 0.015625 0.05078125
0 0.58125 0.571875 0.01328125 0.04296875
0 0.59609375 0.57265625 0.01328125 0.0359375
0 0.6125 0.5546875 0.01328125 0.05234375
0 0.6296875 0.56640625 0.0125 0.05703125
0 0.678125 0.5765625 0.01640625 0.08984375
0 0.05390625 0.61171875 0.03125 0.10078125
0 0.02890625 0.625 0.01796875 0.09921875
0 0.0078125 0.6203125 0.015625 0.09296875
0 0.04375 0.74609375 0.0234375 0.03828125
0 0.07734375 0.73671875 0.0265625 0.0296875
0 0.11171875 0.7265625 0.0203125 0.034375
0 0.1359375 0.71171875 0.01875 0.0234375
0 0.16875 0.7078125 0.01875 0.028125
0 0.19140625 0.69453125 0.0234375 0.03125
0 0.259375 0.6703125 0.02109375 0.0296875
0 0.29765625 0.6765625 0.02109375 0.06015625
0 0.36328125 0.671875 0.01640625 0.06953125
0 0.38203125 0.64609375 0.0109375 0.021875
0 0.82265625 0.97109375 0.0359375 0.0578125
0 0.88984375 0.9703125 0.0421875 0.059375
0 0.9171875 0.95859375 0.04609375 0.08203125
0 0.97578125 0.978125 0.03984375 0.04296875
0 0.9828125 0.9265625 0.03203125 0.07890625
0 0.94296875 0.91640625 0.03984375 0.10078125
0 0.8453125 0.94765625 0.04375 0.09921875
0 0.8625 0.91953125 0.04375 0.08984375
0 0.88828125 0.88984375 0.03984375 0.10078125
0 0.90703125 0.8703125 0.0359375 0.08046875
0 0.9265625 0.85 0.02890625 0.08984375
0 0.96171875 0.87109375 0.0390625 0.06328125
0 0.97265625 0.82578125 0.04140625 0.08359375
0 0.93671875 0.775 0.03671875 0.07265625
0 0.96875 0.771875 0.03125 0.04765625
0 0.9875 0.73359375 0.025 0.09296875
0 0.9640625 0.7125 0.0265625 0.08671875
0 0.809375 0.9140625 0.0265625 0.1515625
0 0.8296875 0.86171875 0.03046875 0.1125
0 0.85859375 0.83828125 0.034375 0.09921875
0 0.89375 0.8125 0.034375 0.07265625
0 0.89453125 0.7609375 0.0234375 0.06484375
0 0.9171875 0.759375 0.0234375 0.07734375
0 0.9328125 0.70703125 0.03359375 0.06953125
0 0.73515625 0.928125 0.0421875 0.14375
0 0.6875 0.9265625 0.04296875 0.146875
0 0.75078125 0.87265625 0.03203125 0.14375
0 0.77265625 0.86328125 0.02890625 0.171875
0 0.79296875 0.82734375 0.028125 0.1609375
0 0.83125 0.79296875 0.03046875 0.10546875
0 0.8625 0.75703125 0.02109375 0.08515625
0 0.6515625 0.89765625 0.03046875 0.134375
0 0.67734375 0.83828125 0.02890625 0.04609375
0 0.70625 0.8578125 0.03046875 0.09609375
0 0.62265625 0.88515625 0.0359375 0.09765625
0 0.62890625 0.8328125 0.02578125 0.08203125
0 0.6765625 0.7921875 0.0265625 0.09140625
0 0.7140625 0.7859375 0.03203125 0.05703125
0 0.746875 0.778125 0.0265625 0.06015625
0 0.76875 0.75625 0.02578125 0.05546875
0 0.7921875 0.73125 0.02578125 0.04921875
0 0.81328125 0.73984375 0.01875 0.05390625
0 0.83515625 0.73046875 0.02109375 0.05078125
0 0.8609375 0.69921875 0.02109375 0.04453125
0 0.88203125 0.68203125 0.0265625 0.06484375
0 0.5984375 0.85625 0.0265625 0.10234375
0 0.58125 0.83671875 0.01796875 0.10546875
0 0.60703125 0.79921875 0.01796875 0.03984375
0 0.6359375 0.78046875 0.02109375 0.08359375
0 0.65859375 0.77109375 0.02265625 0.08828125
0 0.67890625 0.73515625 0.02265625 0.05078125
0 0.70546875 0.7515625 0.02265625 0.07421875
0 0.7234375 0.73515625 0.0203125 0.06640625
0 0.74453125 0.740625 0.02265625 0.07109375
0 0.7703125 0.72265625 0.02265625 0.04453125
0 0.7703125 0.68359375 0.0234375 0.04296875
0 0.80625 0.684375 0.01875 0.0328125
0 0.79609375 0.7046875 0.0203125 0.03984375
0 0.834375 0.69296875 0.03046875 0.03984375
0 0.84140625 0.66015625 0.0203125 0.04296875
0 0.56328125 0.8265625 0.0203125 0.09765625
0 0.58046875 0.778125 0.02265625 0.07265625
0 0.6140625 0.77109375 0.02265625 0.06640625
0 0.59921875 0.73125 0.0265625 0.07109375
0 0.63359375 0.72890625 0.03125 0.06953125
0 0.65625 0.72578125 0.02265625 0.07578125
0 0.7078125 0.70703125 0.02265625 0.06640625
0 0.68125 0.696875 0.01640625 0.05078125
0 0.73125 0.66171875 0.01484375 0.04609375
0 0.74921875 0.66953125 0.01484375 0.04296875
0 0.728125 0.69140625 0.01875 0.04609375
0 0.74765625 0.69375 0.01796875 0.05390625
0 0.76328125 0.66328125 0.0203125 0.05546875
0 0.778125 0.65546875 0.015625 0.04296875
0 0.79296875 0.67421875 0.01484375 0.04609375
0 0.809375 0.66640625 0.01640625 0.05859375
0 0.82265625 0.64921875 0.01796875 0.05546875
0 0.76953125 0.6359375 0.01640625 0.0296875
0 0.74296875 0.63125 0.02265625 0.03828125
0 0.7140625 0.65390625 0.02265625 0.04921875
0 0.72109375 0.625 0.0265625 0.0375
0 0.7078125 0.665625 0.04140625 0.06640625
0 0.68515625 0.66875 0.0203125 0.03828125
0 0.659375 0.67265625 0.015625 0.04296875
0 0.53671875 0.8046875 0.0359375 0.115625
0 0.5203125 0.7953125 0.01796875 0.1125
0 0.50859375 0.79609375 0.01796875 0.1171875
0 0.49296875 0.784375 0.01875 0.121875
0 0.47578125 0.765625 0.01875 0.08359375
0 0.4578125 0.746875 0.01640625 0.07734375
0 0.44375 0.73046875 0.01875 0.09140625
0 0.428125 0.72578125 0.01640625 0.08203125
0 0.41484375 0.71171875 0.01640625 0.08203125
0 0.40234375 0.70859375 0.01484375 0.07265625
0 0.39140625 0.69765625 0.01640625 0.08046875
0 0.3796875 0.690625 0.01328125 0.07578125
0 0.36953125 0.6796875 0.01328125 0.06953125
0 0.5765625 0.73203125 0.02109375 0.04453125
0 0.54609375 0.74375 0.01796875 0.03125
0 0.521875 0.73046875 0.0234375 0.05390625
0 0.49296875 0.71171875 0.0203125 0.03828125
0 0.4734375 0.7109375 0.03046875 0.05546875
0 0.4578125 0.7015625 0.01875 0.04609375
0 0.44375 0.68984375 0.01640625 0.05546875
0 0.421875 0.67109375 0.0203125 0.04296875
0 0.403125 0.6640625 0.01796875 0.0359375
0 0.56171875 0.73359375 0.028125 0.06328125
0 0.54375 0.71796875 0.01796875 0.05078125
0 0.5265625 0.709375 0.02421875 0.05546875
0 0.503125 0.68828125 0.0234375 0.05546875
0 0.48359375 0.67578125 0.02421875 0.06484375
0 0.46875 0.66875 0.01328125 0.05078125
0 0.45625 0.665625 0.01875 0.05390625
0 0.4421875 0.65546875 0.015625 0.0375
0 0.42265625 0.6484375 0.015625 0.0359375
0 0.58125 0.69609375 0.02265625 0.05859375
0 0.56484375 0.69375 0.02265625 0.05390625
0 0.55 0.690625 0.01484375 0.04140625
0 0.5421875 0.684375 0.02421875 0.06015625
0 0.5265625 0.67578125 0.02109375 0.04296875
0 0.50390625 0.6546875 0.01640625 0.0359375
0 0.48671875 0.64296875 0.0203125 0.03125
0 0.6140625 0.67578125 0.0203125 0.05234375
0 0.6359375 0.6625 0.02265625 0.05078125
0 0.59921875 0.65703125 0.01796875 0.04296875
0 0.57890625 0.64609375 0.02265625 0.04296875
0 0.5609375 0.64140625 0.01875 0.05234375
0 0.54765625 0.62734375 0.01796875 0.05234375
0 0.53203125 0.63203125 0.01640625 0.05234375
0 0.515625 0.6234375 0.015625 0.04921875
0 0.56953125 0.61484375 0.01015625 0.0359375
0 0.58984375 0.61484375 0.0125 0.03828125
0 0.60078125 0.6203125 0.0109375 0.03984375
0 0.6140625 0.6265625 0.01328125 0.03828125
0 0.6265625 0.62890625 0.0125 0.03125
0 0.64375 0.6390625 0.01640625 0.0359375
0 0.66328125 0.6421875 0.0109375 0.0265625
0 0.6765625 0.63828125 0.01640625 0.03125
0 0.646875 0.61171875 0.01875 0.04140625
0 0.6609375 0.61640625 0.0125 0.0296875
0 0.64296875 0.58828125 0.01328125 0.0265625
0 0.66171875 0.59453125 0.0109375 0.0234375
0 0.31015625 0.68828125 0.0203125 0.06796875
0 0.32421875 0.69609375 0.01875 0.06484375
0 0.33515625 0.696875 0.01796875 0.06328125
0 0.3484375 0.71953125 0.0234375 0.07265625
0 0.36875 0.73046875 0.01640625 0.06328125
0 0.38203125 0.7484375 0.02265625 0.07109375
0 0.3921875 0.765625 0.01875 0.06171875
0 0.4125 0.78125 0.02578125 0.08203125
0 0.44375 0.8046875 0.02109375 0.08203125
0 0.46015625 0.82265625 0.0203125 0.08671875
0 0.52734375 0.884375 0.0234375 0.08984375
0 0.5578125 0.9078125 0.03203125 0.10234375
0 0.5875 0.92578125 0.01875 0.10234375
0 0.61640625 0.93671875 0.03203125 0.07734375
0 0.640625 0.94921875 0.02265625 0.05234375
0 0.27578125 0.6921875 0.01796875 0.03828125
0 0.2921875 0.7078125 0.01796875 0.04921875
0 0.309375 0.7265625 0.01796875 0.05234375
0 0.321875 0.74453125 0.01484375 0.05390625
0 0.33515625 0.75234375 0.01484375 0.05703125
0 0.35234375 0.765625 0.015625 0.07421875
0 0.36796875 0.77890625 0.01328125 0.05859375
0 0.38046875 0.79296875 0.01328125 0.07734375
0 0.38984375 0.81484375 0.01640625 0.06484375
0 0.403125 0.821875 0.0109375 0.06640625
0 0.4140625 0.834375 0.015625 0.06015625
0 0.45 0.8828125 0.015625 0.07421875
0 0.46640625 0.90859375 0.02421875 0.09140625
0 0.4796875 0.91953125 0.01875 0.05390625
0 0.49140625 0.97109375 0.0203125 0.0578125
0 0.525 0.9515625 0.0390625 0.096875
0 0.5421875 0.959375 0.02109375 0.07578125
0 0.5609375 0.97265625 0.028125 0.0546875
0 0.6015625 0.9703125 0.028125 0.059375
0 0.48515625 0.96640625 0.0203125 0.0671875
0 0.459375 0.9625 0.03046875 0.075
0 0.4265625 0.9421875 0.028125 0.115625
0 0.4078125 0.91484375 0.02578125 0.08515625
0 0.3890625 0.8921875 0.03046875 0.10546875
0 0.3625 0.8625 0.02578125 0.09921875
0 0.34453125 0.83125 0.02265625 0.08515625
0 0.33359375 0.83125 0.01796875 0.10078125
0 0.3171875 0.8140625 0.02421875 0.07265625
0 0.29765625 0.79609375 0.02265625 0.06796875
0 0.3125 0.76796875 0.03125 0.06953125
0 0.28984375 0.74921875 0.0203125 0.05390625
0 0.27109375 0.72890625 0.0203125 0.05390625
0 0.26015625 0.71953125 0.02421875 0.06015625
0 0.246875 0.703125 0.0203125 0.0375
0 0.225 0.69296875 0.01484375 0.025
0 0.225 0.73203125 0.02578125 0.05703125
0 0.2390625 0.74296875 0.01796875 0.06640625
0 0.24921875 0.75546875 0.01015625 0.07265625
0 0.2609375 0.7703125 0.01796875 0.07734375
0 0.27421875 0.7890625 0.01640625 0.07578125
0 0.29453125 0.79765625 0.01796875 0.06796875
0 0.3890625 0.978125 0.028125 0.04296875
0 0.35546875 0.9671875 0.0328125 0.065625
0 0.33984375 0.9375 0.0234375 0.07890625
0 0.3296875 0.9203125 0.02578125 0.09765625
0 0.31328125 0.88671875 0.02109375 0.08828125
0 0.28671875 0.85234375 0.03125 0.07890625
0 0.20546875 0.76015625 0.01328125 0.05390625
0 0.22265625 0.78046875 0.01484375 0.04296875
0 0.23828125 0.79375 0.01484375 0.05078125
0 0.2578125 0.81875 0.01328125 0.07578125
0 0.26796875 0.82890625 0.01328125 0.08984375
0 0.14765625 0.7390625 0.01640625 0.06484375
0 0.159375 0.75703125 0.01796875 0.08515625
0 0.1703125 0.76640625 0.01875 0.07265625
0 0.184375 0.825 0.01875 0.09765625
0 0.196875 0.8359375 0.0125 0.10390625
0 0.21015625 0.8375 0.0203125 0.10703125
0 0.22265625 0.8421875 0.01640625 0.11015625
0 0.2359375 0.865625 0.034375 0.1203125
0 0.26328125 0.90390625 0.0265625 0.128125
0 0.28671875 0.9390625 0.0265625 0.09765625
0 0.303125 0.9609375 0.028125 0.078125
0 0.1203125 0.7609375 0.01640625 0.06171875
0 0.13359375 0.784375 0.0234375 0.07265625
0 0.13125 0.83046875 0.028125 0.1109375
0 0.14921875 0.8671875 0.01015625 0.06171875
0 0.159375 0.89765625 0.01015625 0.0046875
0 0.15390625 0.85859375 0.01328125 0.06015625
0 0.16328125 0.88125 0.0203125 0.07734375
0 0.17890625 0.91171875 0.01640625 0.09140625
0 0.2 0.95 0.01796875 0.09765625
0 0.22109375 0.9671875 0.0203125 0.065625
0 0.2390625 0.97109375 0.01875 0.0578125
0 0.07578125 0.7703125 0.01796875 0.0375
0 0.08359375 0.840625 0.03359375 0.09453125
0 0.0921875 0.8921875 0.03046875 0.07734375
0 0.096875 0.934375 0.0265625 0.06328125
0 0.1234375 0.9375 0.03046875 0.05703125
0 0.1328125 0.9734375 0.03828125 0.053125
0 0.03984375 0.8578125 0.03046875 0.10234375
0 0.03046875 0.80078125 0.015625 0.04921875
0 0.0453125 0.784375 0.02109375 0.05078125
0 0.35625 0.55625 0.02265625 0.08359375
0 0.03671875 0.91484375 0.01796875 0.10078125
0 0.05390625 0.93671875 0.0359375 0.1265625